960400
57600
144400
846400
656100
72900
846400
846400
372100
44100
57600
211600
705600
44100
72900
409600
400
688900
25600
10000
144400
136900
1000000
883600
1600
883600
756900
44100
372100
202500
72900
52900
302500
532900
129600
313600
115600
168100
240100
792100
360000
270400
202500
193600
1600
640000
291600
136900
739600
722500
435600
129600
435600
40000
409600
476100
336400
1600
902500
230400
202500
372100
8100
1600
16900
115600
435600
176400
40000
672400
360000
422500
67600
608400
462400
8100
52900
96100
4900
313600
532900
921600
504100
656100
3600
980100
240100
4900
302500
250000
828100
260100
592900
3600
313600
921600
792100
705600
270400
360000
